10.9
11.0
11.0
11.1
11.0
11.1
11.1
11.0
11.0
11.0
11.1
11.1
11.0
10.9
11.0
11.0
11.0
10.8
11.0
10.9
11.0
11.1


10.9
11.0
11.1
11.1
11.1
11.1
11.1
11.1
11.1
11.1
11.0
11.0
11.1
11.1
11.1
11.1
11.1
11.1
11.0
11.0
11.0
11.1

#repeating second set in same order
11.1
11.0
10.9
11.1
11.1
11.1
11.1
11.0
11.1
11.1
11.1
11.1
11.1
11.1
11.1
11.1
11.0
11.0
11.0
11.0
10.9
11.0




























#One battery, 22 times
11.1
11.1
11.1
11.1
11.1
11.1
11.1
11.1
11.1
11.1
11.1
11.0
11.1
11.1
11.1
11.1
11.1
11.1
11.1
11.1
11.1
11.1
11.1
11.1
11.1

#Calibration gets 200.0

#Adding batteries in order to tray
11.1
22.1
33.0
44.1
55.1
66.2
77.3
88.3
99.3
110.4
121.4
132.5
143.5
154.6
165.6
176.7
187.8
198.9
209.9
220.9
231.9
242.9
#removing in random order
231.8
220.9
209.8
198.8
187.7
176.7
165.6
154.6
143.4
132.4
121.3
110.3
99.3
88.2
77.0
66.1
55.1
44.1
33.0
22.0
10.9
0.0

#Calibration gets 200.0

