#cal 200.0
247.0
0.0
232.7
0.0
200.1
0.0
199.9
0.0
200.0
247.5
200.0
0.0
233.9
0.0
200.0
0.0
247.2
0.0
200.0
233.4
0.0
200.0
0.0
246.9
0.0
200.0
0.0
233.3
#auto-offed
0.0
200.0
0.0
247.2
0.0
200.0
0.0
233.4
0.0
200.0
0.0
246.3
0.0
200.0
0.0
233.9
0.0
199.9
#drifted to 200.0
246.5
0.0
200.0
233.5
0.0
200.0
0.0
245.0
0.0
200.0
0.0
233.7
0.0
200.0
0.0
246.6
0.0
200.0
0.0
234.3
0.0
200.0
0.0
247.3
0.0
200.0
0.0
233.6
0.0
200.0
0.0
247.4
0.0
200.0
0.0
233.6
0.0
246.3
0.0
200.0
233.1
0.0
200.0
0.0
246.2
0.0
#water feels warm
232.8
0.0
200.0
0.0
244.6
0.0
199.9
232.7
0.0
200.0
0.0
245.8
0.0
200.0
0.0
234.0
0.0
200.0
0.0
246.3
0.0
200.0
0.0
233.3
#auto-off
0.0
200.0
0.0
246.3
0.0
200.0
234.2
0.0
200.0
0.0
246.5
0.0
200.0
0.0
234.8
0.0
200.0
0.0
246.5
0.0
200.0
0.0
234.1
0.0
200.0
0.0
246.9
0.0
200.0
0.0
234.4
0.0
200.0
0.0
#dried out tray
-0.2
199.8
-0.2
199.8
-0.2
246.7
-0.2
199.8
-0.2
234.2
-0.2
246.1
-0.2
199.8
-0.2
234.5
-0.2
199.8
-0.2
